%%MatrixMarket matrix coordinate integer symmetric
%Created with the Wolfram Language for Students - Personal Use Only : www.wolfram.com
121 121 330
2 1 1
3 2 1
4 3 1
5 4 1
6 5 1
7 6 1
8 7 1
9 8 1
10 9 1
11 10 1
12 1 1
12 2 1
13 2 1
13 12 1
13 1 1
14 3 1
14 13 1
14 4 1
15 4 1
15 14 1
15 3 1
16 5 1
16 15 1
16 6 1
17 6 1
17 16 1
17 5 1
18 7 1
18 17 1
18 8 1
19 8 1
19 18 1
19 7 1
20 9 1
20 19 1
20 10 1
21 10 1
21 20 1
21 9 1
22 11 1
22 21 1
22 12 1
23 12 1
23 11 1
24 13 1
24 23 1
24 14 1
25 14 1
25 24 1
25 13 1
26 15 1
26 25 1
26 16 1
27 16 1
27 26 1
27 15 1
28 17 1
28 27 1
28 18 1
29 18 1
29 28 1
29 17 1
30 19 1
30 29 1
30 20 1
31 20 1
31 30 1
31 19 1
32 21 1
32 31 1
32 22 1
33 22 1
33 32 1
33 21 1
34 23 1
34 24 1
35 24 1
35 34 1
35 23 1
36 25 1
36 35 1
36 26 1
37 26 1
37 36 1
37 25 1
38 27 1
38 37 1
38 28 1
39 28 1
39 38 1
39 27 1
40 29 1
40 39 1
40 30 1
41 30 1
41 40 1
41 29 1
42 31 1
42 41 1
42 32 1
43 32 1
43 42 1
43 31 1
44 33 1
44 43 1
44 34 1
45 34 1
45 33 1
46 35 1
46 45 1
46 36 1
47 36 1
47 46 1
47 35 1
48 37 1
48 47 1
48 38 1
49 38 1
49 48 1
49 37 1
50 39 1
50 49 1
50 40 1
51 40 1
51 50 1
51 39 1
52 41 1
52 51 1
52 42 1
53 42 1
53 52 1
53 41 1
54 43 1
54 53 1
54 44 1
55 44 1
55 54 1
55 43 1
56 45 1
56 46 1
57 46 1
57 56 1
57 45 1
58 47 1
58 57 1
58 48 1
59 48 1
59 58 1
59 47 1
60 49 1
60 59 1
60 50 1
61 50 1
61 60 1
61 49 1
62 51 1
62 61 1
62 52 1
63 52 1
63 62 1
63 51 1
64 53 1
64 63 1
64 54 1
65 54 1
65 64 1
65 53 1
66 55 1
66 65 1
66 56 1
67 56 1
67 55 1
68 57 1
68 67 1
68 58 1
69 58 1
69 68 1
69 57 1
70 59 1
70 69 1
70 60 1
71 60 1
71 70 1
71 59 1
72 61 1
72 71 1
72 62 1
73 62 1
73 72 1
73 61 1
74 63 1
74 73 1
74 64 1
75 64 1
75 74 1
75 63 1
76 65 1
76 75 1
76 66 1
77 66 1
77 76 1
77 65 1
78 67 1
78 68 1
79 68 1
79 78 1
79 67 1
80 69 1
80 79 1
80 70 1
81 70 1
81 80 1
81 69 1
82 71 1
82 81 1
82 72 1
83 72 1
83 82 1
83 71 1
84 73 1
84 83 1
84 74 1
85 74 1
85 84 1
85 73 1
86 75 1
86 85 1
86 76 1
87 76 1
87 86 1
87 75 1
88 77 1
88 87 1
88 78 1
89 78 1
89 77 1
90 79 1
90 89 1
90 80 1
91 80 1
91 90 1
91 79 1
92 81 1
92 91 1
92 82 1
93 82 1
93 92 1
93 81 1
94 83 1
94 93 1
94 84 1
95 84 1
95 94 1
95 83 1
96 85 1
96 95 1
96 86 1
97 86 1
97 96 1
97 85 1
98 87 1
98 97 1
98 88 1
99 88 1
99 98 1
99 87 1
100 89 1
100 90 1
101 90 1
101 100 1
101 89 1
102 91 1
102 101 1
102 92 1
103 92 1
103 102 1
103 91 1
104 93 1
104 103 1
104 94 1
105 94 1
105 104 1
105 93 1
106 95 1
106 105 1
106 96 1
107 96 1
107 106 1
107 95 1
108 97 1
108 107 1
108 98 1
109 98 1
109 108 1
109 97 1
110 99 1
110 109 1
110 100 1
111 100 1
111 99 1
112 101 1
112 111 1
112 102 1
113 102 1
113 112 1
113 101 1
114 103 1
114 113 1
114 104 1
115 104 1
115 114 1
115 103 1
116 105 1
116 115 1
116 106 1
117 106 1
117 116 1
117 105 1
118 107 1
118 117 1
118 108 1
119 108 1
119 118 1
119 107 1
120 109 1
120 119 1
120 110 1
121 110 1
121 120 1
121 109 1
