%%MatrixMarket matrix coordinate integer symmetric
%Created with the Wolfram Language for Students - Personal Use Only : www.wolfram.com
96 96 131
7 1 1
8 1 1
8 2 1
9 2 1
9 3 1
10 3 1
10 4 1
11 4 1
11 5 1
12 5 1
12 6 1
13 6 1
14 7 1
15 8 1
16 9 1
17 10 1
18 11 1
19 12 1
20 13 1
21 14 1
21 15 1
22 15 1
22 16 1
23 16 1
23 17 1
24 17 1
24 18 1
25 18 1
25 19 1
26 19 1
26 20 1
27 20 1
28 21 1
29 22 1
30 23 1
31 24 1
32 25 1
33 26 1
34 27 1
35 28 1
35 29 1
36 29 1
36 30 1
37 30 1
37 31 1
38 31 1
38 32 1
39 32 1
39 33 1
40 33 1
40 34 1
41 34 1
42 35 1
43 36 1
44 37 1
45 38 1
46 39 1
47 40 1
48 41 1
49 42 1
49 43 1
50 43 1
50 44 1
51 44 1
51 45 1
52 45 1
52 46 1
53 46 1
53 47 1
54 47 1
54 48 1
55 48 1
56 49 1
57 50 1
58 51 1
59 52 1
60 53 1
61 54 1
62 55 1
63 56 1
63 57 1
64 57 1
64 58 1
65 58 1
65 59 1
66 59 1
66 60 1
67 60 1
67 61 1
68 61 1
68 62 1
69 62 1
70 63 1
71 64 1
72 65 1
73 66 1
74 67 1
75 68 1
76 69 1
77 70 1
77 71 1
78 71 1
78 72 1
79 72 1
79 73 1
80 73 1
80 74 1
81 74 1
81 75 1
82 75 1
82 76 1
83 76 1
84 77 1
85 78 1
86 79 1
87 80 1
88 81 1
89 82 1
90 83 1
91 84 1
91 85 1
92 85 1
92 86 1
93 86 1
93 87 1
94 87 1
94 88 1
95 88 1
95 89 1
96 89 1
96 90 1
