%%MatrixMarket matrix coordinate integer symmetric
%Created with the Wolfram Language for Students - Personal Use Only : www.wolfram.com
72 72 108
7 1 1
7 6 1
8 1 1
8 2 1
9 2 1
9 3 1
10 3 1
10 4 1
11 4 1
11 5 1
12 5 1
12 6 1
13 7 1
14 8 1
15 9 1
16 10 1
17 11 1
18 12 1
19 13 1
19 14 1
20 14 1
20 15 1
21 15 1
21 16 1
22 16 1
22 17 1
23 17 1
23 18 1
24 13 1
24 18 1
25 19 1
26 20 1
27 21 1
28 22 1
29 23 1
30 24 1
31 25 1
31 26 1
32 26 1
32 27 1
33 27 1
33 28 1
34 28 1
34 29 1
35 29 1
35 30 1
36 25 1
36 30 1
37 31 1
38 32 1
39 33 1
40 34 1
41 35 1
42 36 1
43 37 1
43 38 1
44 38 1
44 39 1
45 39 1
45 40 1
46 40 1
46 41 1
47 41 1
47 42 1
48 37 1
48 42 1
49 43 1
50 44 1
51 45 1
52 46 1
53 47 1
54 48 1
55 49 1
55 50 1
56 50 1
56 51 1
57 51 1
57 52 1
58 52 1
58 53 1
59 53 1
59 54 1
60 49 1
60 54 1
61 55 1
62 56 1
63 57 1
64 58 1
65 59 1
66 60 1
67 6 1
67 61 1
67 62 1
68 1 1
68 62 1
68 63 1
69 2 1
69 63 1
69 64 1
70 3 1
70 64 1
70 65 1
71 4 1
71 65 1
71 66 1
72 5 1
72 61 1
72 66 1
