%%MatrixMarket matrix coordinate integer symmetric
%Created with the Wolfram Language for Students - Personal Use Only : www.wolfram.com
81 81 162
2 1 1
3 2 1
4 3 1
5 4 1
6 5 1
7 6 1
8 7 1
9 1 1
9 8 1
10 1 1
11 2 1
11 10 1
12 3 1
12 11 1
13 4 1
13 12 1
14 5 1
14 13 1
15 6 1
15 14 1
16 7 1
16 15 1
17 8 1
17 16 1
18 9 1
18 10 1
18 17 1
19 10 1
20 11 1
20 19 1
21 12 1
21 20 1
22 13 1
22 21 1
23 14 1
23 22 1
24 15 1
24 23 1
25 16 1
25 24 1
26 17 1
26 25 1
27 18 1
27 19 1
27 26 1
28 19 1
29 20 1
29 28 1
30 21 1
30 29 1
31 22 1
31 30 1
32 23 1
32 31 1
33 24 1
33 32 1
34 25 1
34 33 1
35 26 1
35 34 1
36 27 1
36 28 1
36 35 1
37 28 1
38 29 1
38 37 1
39 30 1
39 38 1
40 31 1
40 39 1
41 32 1
41 40 1
42 33 1
42 41 1
43 34 1
43 42 1
44 35 1
44 43 1
45 36 1
45 37 1
45 44 1
46 37 1
47 38 1
47 46 1
48 39 1
48 47 1
49 40 1
49 48 1
50 41 1
50 49 1
51 42 1
51 50 1
52 43 1
52 51 1
53 44 1
53 52 1
54 45 1
54 46 1
54 53 1
55 46 1
56 47 1
56 55 1
57 48 1
57 56 1
58 49 1
58 57 1
59 50 1
59 58 1
60 51 1
60 59 1
61 52 1
61 60 1
62 53 1
62 61 1
63 54 1
63 55 1
63 62 1
64 55 1
65 56 1
65 64 1
66 57 1
66 65 1
67 58 1
67 66 1
68 59 1
68 67 1
69 60 1
69 68 1
70 61 1
70 69 1
71 62 1
71 70 1
72 63 1
72 64 1
72 71 1
73 1 1
73 64 1
74 2 1
74 65 1
74 73 1
75 3 1
75 66 1
75 74 1
76 4 1
76 67 1
76 75 1
77 5 1
77 68 1
77 76 1
78 6 1
78 69 1
78 77 1
79 7 1
79 70 1
79 78 1
80 8 1
80 71 1
80 79 1
81 9 1
81 72 1
81 73 1
81 80 1
