%%MatrixMarket matrix coordinate integer symmetric
%Created with the Wolfram Language for Students - Personal Use Only : www.wolfram.com
64 64 161
2 1 1
3 2 1
4 3 1
5 4 1
6 5 1
7 6 1
8 7 1
9 1 1
9 2 1
10 2 1
10 9 1
11 2 1
11 3 1
11 4 1
11 10 1
12 4 1
12 11 1
13 4 1
13 5 1
13 6 1
13 12 1
14 6 1
14 13 1
15 6 1
15 7 1
15 8 1
15 14 1
16 8 1
16 15 1
17 9 1
17 10 1
18 10 1
18 17 1
19 10 1
19 11 1
19 12 1
19 18 1
20 12 1
20 19 1
21 12 1
21 13 1
21 14 1
21 20 1
22 14 1
22 21 1
23 14 1
23 15 1
23 16 1
23 22 1
24 16 1
24 23 1
25 17 1
25 18 1
26 18 1
26 25 1
27 18 1
27 19 1
27 20 1
27 26 1
28 20 1
28 27 1
29 20 1
29 21 1
29 22 1
29 28 1
30 22 1
30 29 1
31 22 1
31 23 1
31 24 1
31 30 1
32 24 1
32 31 1
33 25 1
33 26 1
34 26 1
34 33 1
35 26 1
35 27 1
35 28 1
35 34 1
36 28 1
36 35 1
37 28 1
37 29 1
37 30 1
37 36 1
38 30 1
38 37 1
39 30 1
39 31 1
39 32 1
39 38 1
40 32 1
40 39 1
41 33 1
41 34 1
42 34 1
42 41 1
43 34 1
43 35 1
43 36 1
43 42 1
44 36 1
44 43 1
45 36 1
45 37 1
45 38 1
45 44 1
46 38 1
46 45 1
47 38 1
47 39 1
47 40 1
47 46 1
48 40 1
48 47 1
49 41 1
49 42 1
50 42 1
50 49 1
51 42 1
51 43 1
51 44 1
51 50 1
52 44 1
52 51 1
53 44 1
53 45 1
53 46 1
53 52 1
54 46 1
54 53 1
55 46 1
55 47 1
55 48 1
55 54 1
56 48 1
56 55 1
57 49 1
57 50 1
58 50 1
58 57 1
59 50 1
59 51 1
59 52 1
59 58 1
60 52 1
60 59 1
61 52 1
61 53 1
61 54 1
61 60 1
62 54 1
62 61 1
63 54 1
63 55 1
63 56 1
63 62 1
64 56 1
64 63 1
