%%MatrixMarket matrix coordinate integer symmetric
%Created with the Wolfram Language for Students - Personal Use Only : www.wolfram.com
64 64 384
3 1 2
4 2 2
5 3 2
6 4 2
7 1 2
7 5 2
8 2 2
8 6 2
9 3 1
9 7 1
10 1 2
10 3 2
10 4 1
10 8 1
11 1 1
11 5 1
11 9 2
12 2 1
12 3 2
12 5 2
12 6 1
12 10 2
13 3 1
13 7 1
13 11 2
14 4 1
14 5 2
14 7 2
14 8 1
14 12 2
15 1 1
15 5 1
15 9 2
15 13 2
16 1 2
16 2 1
16 6 1
16 7 2
16 10 2
16 14 2
17 1 1
17 2 2
17 8 2
17 11 1
17 15 1
18 2 1
18 9 2
18 11 2
18 12 1
18 16 1
19 2 2
19 3 1
19 4 2
19 9 1
19 13 1
19 17 2
20 4 1
20 10 1
20 11 2
20 13 2
20 14 1
20 18 2
21 4 2
21 5 1
21 6 2
21 11 1
21 15 1
21 19 2
22 6 1
22 12 1
22 13 2
22 15 2
22 16 1
22 20 2
23 6 2
23 7 1
23 8 2
23 9 1
23 13 1
23 17 2
23 21 2
24 8 1
24 9 2
24 10 1
24 14 1
24 15 2
24 18 2
24 22 2
25 9 1
25 10 2
25 16 2
25 19 1
25 23 1
26 10 1
26 17 2
26 19 2
26 20 1
26 24 1
27 10 2
27 11 1
27 12 2
27 17 1
27 21 1
27 25 2
28 12 1
28 18 1
28 19 2
28 21 2
28 22 1
28 26 2
29 12 2
29 13 1
29 14 2
29 19 1
29 23 1
29 27 2
30 14 1
30 20 1
30 21 2
30 23 2
30 24 1
30 28 2
31 14 2
31 15 1
31 16 2
31 17 1
31 21 1
31 25 2
31 29 2
32 16 1
32 17 2
32 18 1
32 22 1
32 23 2
32 26 2
32 30 2
33 17 1
33 18 2
33 24 2
33 27 1
33 31 1
34 18 1
34 25 2
34 27 2
34 28 1
34 32 1
35 18 2
35 19 1
35 20 2
35 25 1
35 29 1
35 33 2
36 20 1
36 26 1
36 27 2
36 29 2
36 30 1
36 34 2
37 20 2
37 21 1
37 22 2
37 27 1
37 31 1
37 35 2
38 22 1
38 28 1
38 29 2
38 31 2
38 32 1
38 36 2
39 22 2
39 23 1
39 24 2
39 25 1
39 29 1
39 33 2
39 37 2
40 24 1
40 25 2
40 26 1
40 30 1
40 31 2
40 34 2
40 38 2
41 25 1
41 26 2
41 32 2
41 35 1
41 39 1
42 26 1
42 33 2
42 35 2
42 36 1
42 40 1
43 26 2
43 27 1
43 28 2
43 33 1
43 37 1
43 41 2
44 28 1
44 34 1
44 35 2
44 37 2
44 38 1
44 42 2
45 28 2
45 29 1
45 30 2
45 35 1
45 39 1
45 43 2
46 30 1
46 36 1
46 37 2
46 39 2
46 40 1
46 44 2
47 30 2
47 31 1
47 32 2
47 33 1
47 37 1
47 41 2
47 45 2
48 32 1
48 33 2
48 34 1
48 38 1
48 39 2
48 42 2
48 46 2
49 1 1
49 33 1
49 34 2
49 40 2
49 43 1
49 47 1
50 1 2
50 2 1
50 3 2
50 34 1
50 41 2
50 43 2
50 44 1
50 48 1
51 3 1
51 34 2
51 35 1
51 36 2
51 41 1
51 45 1
51 49 2
52 3 2
52 4 1
52 5 2
52 36 1
52 42 1
52 43 2
52 45 2
52 46 1
52 50 2
53 5 1
53 36 2
53 37 1
53 38 2
53 43 1
53 47 1
53 51 2
54 5 2
54 6 1
54 7 2
54 38 1
54 44 1
54 45 2
54 47 2
54 48 1
54 52 2
55 7 1
55 38 2
55 39 1
55 40 2
55 41 1
55 45 1
55 49 2
55 53 2
56 1 2
56 7 2
56 8 1
56 40 1
56 41 2
56 42 1
56 46 1
56 47 2
56 50 2
56 54 2
57 2 2
57 3 1
57 7 1
57 8 2
57 9 1
57 41 1
57 42 2
57 48 2
57 51 1
57 55 1
58 4 1
58 8 1
58 9 2
58 10 1
58 11 2
58 42 1
58 49 2
58 51 2
58 52 1
58 56 1
59 1 1
59 2 2
59 4 2
59 5 1
59 11 1
59 42 2
59 43 1
59 44 2
59 49 1
59 53 1
59 57 2
60 2 1
60 6 1
60 11 2
60 12 1
60 13 2
60 44 1
60 50 1
60 51 2
60 53 2
60 54 1
60 58 2
61 3 1
61 4 2
61 6 2
61 7 1
61 13 1
61 44 2
61 45 1
61 46 2
61 51 1
61 55 1
61 59 2
62 4 1
62 8 1
62 13 2
62 14 1
62 15 2
62 46 1
62 52 1
62 53 2
62 55 2
62 56 1
62 60 2
63 1 1
63 5 1
63 6 2
63 8 2
63 15 1
63 46 2
63 47 1
63 48 2
63 49 1
63 53 1
63 57 2
63 61 2
64 2 1
64 6 1
64 9 2
64 15 2
64 16 1
64 48 1
64 49 2
64 50 1
64 54 1
64 55 2
64 58 2
64 62 2
