%%MatrixMarket matrix coordinate integer symmetric
%Created with the Wolfram Language for Students - Personal Use Only : www.wolfram.com
42 42 68
2 1 1
4 3 1
6 5 1
7 1 1
8 2 1
8 3 1
9 4 1
9 5 1
10 6 1
11 7 1
12 8 1
12 11 1
13 8 1
13 12 1
14 9 1
14 13 1
15 9 1
15 14 1
16 10 1
16 15 1
17 10 1
17 16 1
18 11 1
18 12 1
19 13 1
19 14 1
20 15 1
20 16 1
21 17 1
22 18 1
23 19 1
23 22 1
24 19 1
24 23 1
25 20 1
25 24 1
26 20 1
26 25 1
27 21 1
27 26 1
28 21 1
28 27 1
29 22 1
29 23 1
30 24 1
30 25 1
31 26 1
31 27 1
32 28 1
33 29 1
34 30 1
34 33 1
35 30 1
35 34 1
36 31 1
36 35 1
37 31 1
37 36 1
38 32 1
38 37 1
39 32 1
39 38 1
40 33 1
40 34 1
41 35 1
41 36 1
42 37 1
42 38 1
